212121212121212121212121212121212121212121212121212121212121
000000000000000000000000000000000000000000000000000000000000
000222000000000000220000000000000002222000011110000000000000
002202200001100000220000000000000000022000000110000000000000
022000220001100000220000000000000000022000000110000000000000
022000220001100000222222000011110000022000000110000000222000
022000220111111100222002200110011000022000000110000002202200
022000110001100000220002200110011000022000000110000022000220
011000110002200000110001101111111000011000000220000022000220
011000110002200000110001102200000000011000000220000011000110
011000110002200000110001102200000000011000000220000011000110
001101100002200000110001100220000000011000000220000001101100
000111000000222200110001100022222000011110000222200000111000
000000000000000000000000000000000000000000000000000000000000
121212121212121212121212121212121212121212121212121212121212
