45
40
15
98
66
75
78
55
37
24
59
93
13
20
25
87
87
45
93
94
76
62
30
52
89
59
56
37
41
33
92
34
34
39
27
84
89
15
5
50
90
87
11
45
94
25
63
16
86
53
83
11
35
75
87
78
13
61
86
1
44
82
8
33
62
17
27
84
30
38
33
8
36
61
27
70
10
20
45
89
90
73
21
31
67
52
60
67
42
87
21
62
46
34
54
61
0
66
9
45
71
35
66
83
10
88
23
54
14
47
83
15
30
53
33
97
21
76
82
49
67
78
62
50
27
45
88
83
82
54
65
31
46
22
41
40
18
63
61
11
22
97
68
18
6
9
25
60
68
79
5
91
82
85
22
87
8
16
90
72
98
48
39
32
48
61
85
26
82
61
76
35
86
95
11
88
31
74
48
39
35
70
54
10
76
77
86
1
37
26
43
90
63
12
66
85
55
97
28
37
34
53
49
97
43
96
20
13
86
72
71
32
71
76
66
2
85
87
54
13
62
2
60
2
14
49
43
91
2
24
29
10
97
75
71
29
87
40
38
78
24
36
12
36
95
53
70
18
62
19
94
34
57
64
4
55
87
29
71
48
69
46
69
10
3
2
51
52
3
7
14
42
76
58
61
17
87
16
41
62
12
91
63
37
37
12
64
79
15
57
37
67
25
96
45
42
3
71
14
96
29
34
41
77
12
86
75
79
44
42
9
42
34
52
50
36
24
83
27
68
5
26
74
17
77
29
34
55
16
94
44
57
89
38
25
93
95
46
67
98
89
84
37
32
40
20
78
32
7
47
97
70
47
6
44
48
84
76
62
79
68
41
23
46
41
92
21
21
99
21
51
47
50
65
46
95
79
98
35
83
45
84
18
65
93
32
12
42
75
82
41
43
66
2
99
86
98
14
99
86
21
41
98
85
76
80
21
14
25
16
63
31
72
88
40
51
64
13
39
40
22
93
14
31
71
18
67
87
76
5
77
26
45
42
41
41
38
76
58
85
88
47
66
49
39
61
85
12
40
46
66
7
28
34
58
25
98
0
73
73
3
0
83
15
14
32
87
57
59
45
91
19
81
51
94
52
61
28
68
3
72
51
19
62
71
38
2
78
16
2
25
98
55
72
91
29
46
24
87
34
34
91
62
0
3
89
32
31
4
44
7
11
66
13
97
47
51
55
7
74
85
98
36
95
58
45
77
9
59
80
3
27
75
11
70
59
92
70
66
39
66
24
91
34
7
41
95
68
3
23
59
23
75
2
68
32
18
62
52
74
42
17
44
51
47
51
67
6
85
65
64
11
10
63
37
35
49
33
98
73
13
20
12
42
36
98
14
87
15
61
17
25
32
29
91
32
29
77
27
65
47
55
20
33
88
79
10
20
36
68
15
96
96
65
60
66
50
10
72
40
19
2
95
7
44
68
86
71
67
13
63
82
14
46
25
37
14
43
23
84
98
89
81
41
76
11
56
49
22
80
65
79
79
14
81
58
96
43
30
50
54
9
22
28
98
15
96
62
25
41
7
81
78
26
4
38
31
88
49
98
66
95
51
21
29
81
72
8
96
75
25
55
94
63
25
74
8
31
28
25
3
17
59
68
32
4
79
30
46
30
78
90
26
10
76
58
73
52
16
82
19
71
29
40
3
71
81
67
40
99
12
64
72
40
57
71
57
87
38
37
14
58
85
29
86
27
19
98
77
92
40
38
50
58
65
2
87
49
50
72
72
81
72
94
61
68
58
17
97
19
81
52
60
47
81
77
24
71
83
55
44
51
96
15
15
28
32
8
59
67
86
20
30
41
67
29
49
32
61
2
75
91
34
9
14
43
26
35
50
20
73
17
6
85
84
19
76
56
76
24
39
54
14
18
67
67
14
23
61
0
51
12
1
4
88
89
93
70
75
93
87
28
20
63
81
86
0
9
17
12
62
98
79
25
99
65
9
18
73
70
60
86
9
88
11
67
70
93
43
88
27
31
41
6
1
71
63
61
55
33
91
58
99
49
83
76
51
35
10
47
57
29
81
23
10
44
77
83
92
53
88
36
42
85
8
3
92
65
66
31
19
59
66
38
80
7
52
94
9
59
72
46
3
10
68
85
70
18
49
74
31
18
41
28
67
70
75
30
23
53
7
74
41
51
17
46
64
54
14
44
70
80
90
72
66
76
47
74
99
94
70
92
88
67
15
36
23
69
55
93
70
6
45
82
86
49
31
99
74
25
90
69
99
5
45
92
75
11
2
54
96
45
23
70
77
3
3
21
4
67
